image: map5.pgm
resolution: 0.062500
origin: [-64.32482904675334,-46.39695747302361, 0.000000]
negate: 0
occupied_thresh: 0.45
free_thresh: 0.196