image: map6.pgm
resolution: 0.062500
origin: [-77.93098322011798,-43.97504747012578, 0.000000]
negate: 0
occupied_thresh: 0.45
free_thresh: 0.196